              precision    recall  f1-score   support

       akiec      0.476     0.300     0.368       327
         bcc      0.368     0.687     0.479       514
         bkl      0.479     0.392     0.431      1099
          df      0.175     0.609     0.272       115
         mel      0.486     0.377     0.425      1113
          nv      0.886     0.827     0.855      6705
        vasc      0.311     0.930     0.466       142

    accuracy                          0.704     10015
   macro avg      0.454     0.589     0.471     10015
weighted avg      0.740     0.704     0.713     10015
